0 553.62 80.040001 t 0 -1107.24 0 -34.60125
0 615.13 86.459999 t 0 -1230.26 0 -38.445625
0 676.64001 95.040001 t 0 -1353.28 0 -42.290001
0 738.15002 103.76 t 0 -1476.3 0 -46.134377
0 799.66998 112.68 t 0 -1599.34 0 -49.979374
0 861.17999 121.12 t 0 -1722.36 0 -53.82375
0 922.69 127.48 t 0 -1845.38 0 -57.668125
0 984.21002 129.86 t 0 -1968.42 0 -61.513126
0 1045.72 126.85 t 0 -2091.4399 0 -65.357498
0 1107.23 117.77 t 0 -2214.46 0 -69.201874
0 1168.74 101.69 t 0 -2337.48 0 -73.046249
61.509998 553.62 54.349998 t 123.02 -1107.24 3.8443749 -34.60125
61.509998 615.13 60.290001 t 123.02 -1230.26 3.8443749 -38.445625
61.509998 676.64001 74.510002 t 123.02 -1353.28 3.8443749 -42.290001
61.509998 738.15002 88.629997 t 123.02 -1476.3 3.8443749 -46.134377
61.509998 799.66998 100.5 t 123.02 -1599.34 3.8443749 -49.979374
61.509998 861.17999 109.53 t 123.02 -1722.36 3.8443749 -53.82375
61.509998 922.69 115.42 t 123.02 -1845.38 3.8443749 -57.668125
61.509998 984.21002 117.67 t 123.02 -1968.42 3.8443749 -61.513126
61.509998 1045.72 115.74 t 123.02 -2091.4399 3.8443749 -65.357498
61.509998 1107.23 109.3 t 123.02 -2214.46 3.8443749 -69.201874
61.509998 1168.74 98.309998 t 123.02 -2337.48 3.8443749 -73.046249
123.03 553.62 48.560001 t 246.06 -1107.24 7.6893749 -34.60125
123.03 615.13 48.209999 t 246.06 -1230.26 7.6893749 -38.445625
123.03 676.64001 55.73 t 246.06 -1353.28 7.6893749 -42.290001
123.03 738.15002 74.690002 t 246.06 -1476.3 7.6893749 -46.134377
123.03 799.66998 91.550003 t 246.06 -1599.34 7.6893749 -49.979374
123.03 861.17999 102.16 t 246.06 -1722.36 7.6893749 -53.82375
123.03 922.69 107.71 t 246.06 -1845.38 7.6893749 -57.668125
123.03 984.21002 108.85 t 246.06 -1968.42 7.6893749 -61.513126
123.03 1045.72 105.4 t 246.06 -2091.4399 7.6893749 -65.357498
123.03 1107.23 97.400002 t 246.06 -2214.46 7.6893749 -69.201874
123.03 1168.74 88.190002 t 246.06 -2337.48 7.6893749 -73.046249
184.53999 553.62 45.110001 t 369.07999 -1107.24 11.53375 -34.60125
184.53999 615.13 43.080002 t 369.07999 -1230.26 11.53375 -38.445625
184.53999 676.64001 53.689999 t 369.07999 -1353.28 11.53375 -42.290001
184.53999 738.15002 71.360001 t 369.07999 -1476.3 11.53375 -46.134377
184.53999 799.66998 89.809998 t 369.07999 -1599.34 11.53375 -49.979374
184.53999 861.17999 100.79 t 369.07999 -1722.36 11.53375 -53.82375
184.53999 922.69 105.07 t 369.07999 -1845.38 11.53375 -57.668125
184.53999 984.21002 103.75 t 369.07999 -1968.42 11.53375 -61.513126
184.53999 1045.72 95.900002 t 369.07999 -2091.4399 11.53375 -65.357498
184.53999 1107.23 81.550003 t 369.07999 -2214.46 11.53375 -69.201874
184.53999 1168.74 69.550003 t 369.07999 -2337.48 11.53375 -73.046249
246.05 553.62 67.510002 t 492.10001 -1107.24 15.378125 -34.60125
246.05 615.13 66.019997 t 492.10001 -1230.26 15.378125 -38.445625
246.05 676.64001 70.150002 t 492.10001 -1353.28 15.378125 -42.290001
246.05 738.15002 84.400002 t 492.10001 -1476.3 15.378125 -46.134377
246.05 799.66998 100.26 t 492.10001 -1599.34 15.378125 -49.979374
246.05 861.17999 106.56 t 492.10001 -1722.36 15.378125 -53.82375
246.05 922.69 106.3 t 492.10001 -1845.38 15.378125 -57.668125
246.05 984.21002 99.470001 t 492.10001 -1968.42 15.378125 -61.513126
246.05 1045.72 84.07 t 492.10001 -2091.4399 15.378125 -65.357498
246.05 1107.23 64.809998 t 492.10001 -2214.46 15.378125 -69.201874
246.05 1168.74 55.990002 t 492.10001 -2337.48 15.378125 -73.046249
307.56 553.62 88.129997 t 615.12 -1107.24 19.2225 -34.60125
307.56 615.13 96.019997 t 615.12 -1230.26 19.2225 -38.445625
307.56 676.64001 106.91 t 615.12 -1353.28 19.2225 -42.290001
307.56 738.15002 118.42 t 615.12 -1476.3 19.2225 -46.134377
307.56 799.66998 122.42 t 615.12 -1599.34 19.2225 -49.979374
307.56 861.17999 117.31 t 615.12 -1722.36 19.2225 -53.82375
307.56 922.69 107.93 t 615.12 -1845.38 19.2225 -57.668125
307.56 984.21002 91.440002 t 615.12 -1968.42 19.2225 -61.513126
307.56 1045.72 69.379997 t 615.12 -2091.4399 19.2225 -65.357498
307.56 1107.23 53 t 615.12 -2214.46 19.2225 -69.201874
307.56 1168.74 42.25 t 615.12 -2337.48 19.2225 -73.046249
369.07999 553.62 107.82 t 738.15997 -1107.24 23.067499 -34.60125
369.07999 615.13 130.64999 t 738.15997 -1230.26 23.067499 -38.445625
369.07999 676.64001 154.91 t 738.15997 -1353.28 23.067499 -42.290001
369.07999 738.15002 157.77 t 738.15997 -1476.3 23.067499 -46.134377
369.07999 799.66998 141.00999 t 738.15997 -1599.34 23.067499 -49.979374
369.07999 861.17999 125.44 t 738.15997 -1722.36 23.067499 -53.82375
369.07999 922.69 106.63 t 738.15997 -1845.38 23.067499 -57.668125
369.07999 984.21002 86.400002 t 738.15997 -1968.42 23.067499 -61.513126
369.07999 1045.72 71.040001 t 738.15997 -2091.4399 23.067499 -65.357498
369.07999 1107.23 52.91 t 738.15997 -2214.46 23.067499 -69.201874
369.07999 1168.74 49.700001 t 738.15997 -2337.48 23.067499 -73.046249
430.59 553.62 133.86 t 861.17999 -1107.24 26.911875 -34.60125
430.59 615.13 168.94 t 861.17999 -1230.26 26.911875 -38.445625
430.59 676.64001 182.85001 t 861.17999 -1353.28 26.911875 -42.290001
430.59 738.15002 164.39999 t 861.17999 -1476.3 26.911875 -46.134377
430.59 799.66998 143.21001 t 861.17999 -1599.34 26.911875 -49.979374
430.59 861.17999 125.73 t 861.17999 -1722.36 26.911875 -53.82375
430.59 922.69 102.41 t 861.17999 -1845.38 26.911875 -57.668125
430.59 984.21002 81.839996 t 861.17999 -1968.42 26.911875 -61.513126
430.59 1045.72 69.940002 t 861.17999 -2091.4399 26.911875 -65.357498
430.59 1107.23 65.239998 t 861.17999 -2214.46 26.911875 -69.201874
430.59 1168.74 66.059998 t 861.17999 -2337.48 26.911875 -73.046249
492.10001 553.62 156.91 t 984.20001 -1107.24 30.75625 -34.60125
492.10001 615.13 175.46001 t 984.20001 -1230.26 30.75625 -38.445625
492.10001 676.64001 162.12 t 984.20001 -1353.28 30.75625 -42.290001
492.10001 738.15002 144.45 t 984.20001 -1476.3 30.75625 -46.134377
492.10001 799.66998 134.16 t 984.20001 -1599.34 30.75625 -49.979374
492.10001 861.17999 122.05 t 984.20001 -1722.36 30.75625 -53.82375
492.10001 922.69 104.28 t 984.20001 -1845.38 30.75625 -57.668125
492.10001 984.21002 88.779999 t 984.20001 -1968.42 30.75625 -61.513126
492.10001 1045.72 81.669998 t 984.20001 -2091.4399 30.75625 -65.357498
492.10001 1107.23 79.120003 t 984.20001 -2214.46 30.75625 -69.201874
492.10001 1168.74 78.970001 t 984.20001 -2337.48 30.75625 -73.046249
553.62 553.62 151.77 t 1107.24 -1107.24 34.60125 -34.60125
553.62 615.13 150.72 t 1107.24 -1230.26 34.60125 -38.445625
553.62 676.64001 134.96001 t 1107.24 -1353.28 34.60125 -42.290001
553.62 738.15002 127.43 t 1107.24 -1476.3 34.60125 -46.134377
553.62 799.66998 122.11 t 1107.24 -1599.34 34.60125 -49.979374
553.62 861.17999 112.29 t 1107.24 -1722.36 34.60125 -53.82375
553.62 922.69 98.730003 t 1107.24 -1845.38 34.60125 -57.668125
553.62 984.21002 90.860001 t 1107.24 -1968.42 34.60125 -61.513126
553.62 1045.72 88.75 t 1107.24 -2091.4399 34.60125 -65.357498
553.62 1107.23 87.139999 t 1107.24 -2214.46 34.60125 -69.201874
553.62 1168.74 87.690002 t 1107.24 -2337.48 34.60125 -73.046249
